0 0 0 67 0 5
0 0 0 65 1 0
0 0 0 63 0 9
0 0 0 61 1 9
0 0 0 59 0 4
0 0 0 57 1 5
0 0 0 54 0 10
0 0 0 52 1 10
0 0 0 50 0 3
0 0 0 48 1 4
0 0 0 46 0 2
0 0 0 43 1 3
0 0 0 41 0 11
0 0 0 39 1 11
0 0 0 37 0 1
0 0 0 35 1 2
0 0 0 33 0 12
0 0 0 31 1 12
0 0 0 29 0 0
0 0 0 27 1 1
0 0 0 25 0 8
0 0 0 23 1 6
0 0 0 20 0 13
0 0 0 18 1 13
0 0 0 16 0 7
0 0 0 14 1 8
0 0 0 12 0 6
0 0 0 9 1 7
0 0 0 7 0 14
0 0 0 5 1 14
0 0 0 3 0 15
0 0 0 1 1 15
0 0 0 66 3 5
0 0 0 64 2 0
0 0 0 62 3 9
0 0 0 60 2 9
0 0 0 58 3 4
0 0 0 55 2 5
0 0 0 53 3 10
0 0 0 51 2 10
0 0 0 49 3 3
0 0 0 47 2 4
0 0 0 44 3 2
0 0 0 42 2 3
0 0 0 40 3 11
0 0 0 38 2 11
0 0 0 36 3 1
0 0 0 34 2 2
0 0 0 32 3 12
0 0 0 30 2 12
0 0 0 28 3 0
0 0 0 26 2 1
0 0 0 24 3 8
0 0 0 21 2 6
0 0 0 19 3 13
0 0 0 17 2 13
0 0 0 15 3 7
0 0 0 13 2 8
0 0 0 10 3 6
0 0 0 8 2 7
0 0 0 6 3 14
0 0 0 4 2 14
0 0 0 2 3 15
0 0 0 0 2 15
0 0 1 67 1 16
0 0 1 65 0 16
0 0 1 63 1 17
0 0 1 61 0 17
0 0 1 59 1 24
0 0 1 57 0 25
0 0 1 54 1 23
0 0 1 52 0 24
0 0 1 50 1 18
0 0 1 48 0 18
0 0 1 46 1 25
0 0 1 43 0 23
0 0 1 41 1 30
0 0 1 39 0 31
0 0 1 37 1 19
0 0 1 35 0 19
0 0 1 33 1 29
0 0 1 31 0 30
0 0 1 29 1 20
0 0 1 27 0 20
0 0 1 25 1 28
0 0 1 23 0 29
0 0 1 20 1 27
0 0 1 18 0 28
0 0 1 16 1 21
0 0 1 14 0 21
0 0 1 12 1 26
0 0 1 9 0 27
0 0 1 7 1 22
0 0 1 5 0 22
0 0 1 3 1 31
0 0 1 1 0 26
0 0 1 66 2 16
0 0 1 64 3 16
0 0 1 62 2 17
0 0 1 60 3 17
0 0 1 58 2 24
0 0 1 55 3 25
0 0 1 53 2 23
0 0 1 51 3 24
0 0 1 49 2 18
0 0 1 47 3 18
0 0 1 44 2 25
0 0 1 42 3 23
0 0 1 40 2 30
0 0 1 38 3 31
0 0 1 36 2 19
0 0 1 34 3 19
0 0 1 32 2 29
0 0 1 30 3 30
0 0 1 28 2 20
0 0 1 26 3 20
0 0 1 24 2 28
0 0 1 21 3 29
0 0 1 19 2 27
0 0 1 17 3 28
0 0 1 15 2 21
0 0 1 13 3 21
0 0 1 10 2 26
0 0 1 8 3 27
0 0 1 6 2 22
0 0 1 4 3 22
0 0 1 2 2 31
0 0 1 0 3 26
0 0 2 67 0 37
0 0 2 65 1 32
0 0 2 63 0 41
0 0 2 61 1 41
0 0 2 59 0 36
0 0 2 57 1 37
0 0 2 54 0 42
0 0 2 52 1 42
0 0 2 50 0 35
0 0 2 48 1 36
0 0 2 46 0 34
0 0 2 43 1 35
0 0 2 41 0 43
0 0 2 39 1 43
0 0 2 37 0 33
0 0 2 35 1 34
0 0 2 33 0 44
0 0 2 31 1 44
0 0 2 29 0 32
0 0 2 27 1 33
0 0 2 25 0 40
0 0 2 23 1 38
0 0 2 20 0 45
0 0 2 18 1 45
0 0 2 16 0 39
0 0 2 14 1 40
0 0 2 12 0 38
0 0 2 9 1 39
0 0 2 7 0 46
0 0 2 5 1 46
0 0 2 3 0 47
0 0 2 1 1 47
0 0 2 66 3 37
0 0 2 64 2 32
0 0 2 62 3 41
0 0 2 60 2 41
0 0 2 58 3 36
0 0 2 55 2 37
0 0 2 53 3 42
0 0 2 51 2 42
0 0 2 49 3 35
0 0 2 47 2 36
0 0 2 44 3 34
0 0 2 42 2 35
0 0 2 40 3 43
0 0 2 38 2 43
0 0 2 36 3 33
0 0 2 34 2 34
0 0 2 32 3 44
0 0 2 30 2 44
0 0 2 28 3 32
0 0 2 26 2 33
0 0 2 24 3 40
0 0 2 21 2 38
0 0 2 19 3 45
0 0 2 17 2 45
0 0 2 15 3 39
0 0 2 13 2 40
0 0 2 10 3 38
0 0 2 8 2 39
0 0 2 6 3 46
0 0 2 4 2 46
0 0 2 2 3 47
0 0 2 0 2 47
0 0 3 67 1 48
0 0 3 65 0 48
0 0 3 63 1 49
0 0 3 61 0 49
0 0 3 59 1 56
0 0 3 57 0 57
0 0 3 54 1 55
0 0 3 52 0 56
0 0 3 50 1 50
0 0 3 48 0 50
0 0 3 46 1 57
0 0 3 43 0 55
0 0 3 41 1 62
0 0 3 39 0 63
0 0 3 37 1 51
0 0 3 35 0 51
0 0 3 33 1 61
0 0 3 31 0 62
0 0 3 29 1 52
0 0 3 27 0 52
0 0 3 25 1 60
0 0 3 23 0 61
0 0 3 20 1 59
0 0 3 18 0 60
0 0 3 16 1 53
0 0 3 14 0 53
0 0 3 12 1 58
0 0 3 9 0 59
0 0 3 7 1 54
0 0 3 5 0 54
0 0 3 3 1 63
0 0 3 1 0 58
0 0 3 66 2 48
0 0 3 64 3 48
0 0 3 62 2 49
0 0 3 60 3 49
0 0 3 58 2 56
0 0 3 55 3 57
0 0 3 53 2 55
0 0 3 51 3 56
0 0 3 49 2 50
0 0 3 47 3 50
0 0 3 44 2 57
0 0 3 42 3 55
0 0 3 40 2 62
0 0 3 38 3 63
0 0 3 36 2 51
0 0 3 34 3 51
0 0 3 32 2 61
0 0 3 30 3 62
0 0 3 28 2 52
0 0 3 26 3 52
0 0 3 24 2 60
0 0 3 21 3 61
0 0 3 19 2 59
0 0 3 17 3 60
0 0 3 15 2 53
0 0 3 13 3 53
0 0 3 10 2 58
0 0 3 8 3 59
0 0 3 6 2 54
0 0 3 4 3 54
0 0 3 2 2 63
0 0 3 0 3 58
0 1 0 67 4 5
0 1 0 65 5 0
0 1 0 63 4 9
0 1 0 61 5 9
0 1 0 59 4 4
0 1 0 57 5 5
0 1 0 54 4 10
0 1 0 52 5 10
0 1 0 50 4 3
0 1 0 48 5 4
0 1 0 46 4 2
0 1 0 43 5 3
0 1 0 41 4 11
0 1 0 39 5 11
0 1 0 37 4 1
0 1 0 35 5 2
0 1 0 33 4 12
0 1 0 31 5 12
0 1 0 29 4 0
0 1 0 27 5 1
0 1 0 25 4 8
0 1 0 23 5 6
0 1 0 20 4 13
0 1 0 18 5 13
0 1 0 16 4 7
0 1 0 14 5 8
0 1 0 12 4 6
0 1 0 9 5 7
0 1 0 7 4 14
0 1 0 5 5 14
0 1 0 3 4 15
0 1 0 1 5 15
0 1 0 66 7 5
0 1 0 64 6 0
0 1 0 62 7 9
0 1 0 60 6 9
0 1 0 58 7 4
0 1 0 55 6 5
0 1 0 53 7 10
0 1 0 51 6 10
0 1 0 49 7 3
0 1 0 47 6 4
0 1 0 44 7 2
0 1 0 42 6 3
0 1 0 40 7 11
0 1 0 38 6 11
0 1 0 36 7 1
0 1 0 34 6 2
0 1 0 32 7 12
0 1 0 30 6 12
0 1 0 28 7 0
0 1 0 26 6 1
0 1 0 24 7 8
0 1 0 21 6 6
0 1 0 19 7 13
0 1 0 17 6 13
0 1 0 15 7 7
0 1 0 13 6 8
0 1 0 10 7 6
0 1 0 8 6 7
0 1 0 6 7 14
0 1 0 4 6 14
0 1 0 2 7 15
0 1 0 0 6 15
0 1 1 67 5 16
0 1 1 65 4 16
0 1 1 63 5 17
0 1 1 61 4 17
0 1 1 59 5 24
0 1 1 57 4 25
0 1 1 54 5 23
0 1 1 52 4 24
0 1 1 50 5 18
0 1 1 48 4 18
0 1 1 46 5 25
0 1 1 43 4 23
0 1 1 41 5 30
0 1 1 39 4 31
0 1 1 37 5 19
0 1 1 35 4 19
0 1 1 33 5 29
0 1 1 31 4 30
0 1 1 29 5 20
0 1 1 27 4 20
0 1 1 25 5 28
0 1 1 23 4 29
0 1 1 20 5 27
0 1 1 18 4 28
0 1 1 16 5 21
0 1 1 14 4 21
0 1 1 12 5 26
0 1 1 9 4 27
0 1 1 7 5 22
0 1 1 5 4 22
0 1 1 3 5 31
0 1 1 1 4 26
0 1 1 66 6 16
0 1 1 64 7 16
0 1 1 62 6 17
0 1 1 60 7 17
0 1 1 58 6 24
0 1 1 55 7 25
0 1 1 53 6 23
0 1 1 51 7 24
0 1 1 49 6 18
0 1 1 47 7 18
0 1 1 44 6 25
0 1 1 42 7 23
0 1 1 40 6 30
0 1 1 38 7 31
0 1 1 36 6 19
0 1 1 34 7 19
0 1 1 32 6 29
0 1 1 30 7 30
0 1 1 28 6 20
0 1 1 26 7 20
0 1 1 24 6 28
0 1 1 21 7 29
0 1 1 19 6 27
0 1 1 17 7 28
0 1 1 15 6 21
0 1 1 13 7 21
0 1 1 10 6 26
0 1 1 8 7 27
0 1 1 6 6 22
0 1 1 4 7 22
0 1 1 2 6 31
0 1 1 0 7 26
0 1 2 67 4 37
0 1 2 65 5 32
0 1 2 63 4 41
0 1 2 61 5 41
0 1 2 59 4 36
0 1 2 57 5 37
0 1 2 54 4 42
0 1 2 52 5 42
0 1 2 50 4 35
0 1 2 48 5 36
0 1 2 46 4 34
0 1 2 43 5 35
0 1 2 41 4 43
0 1 2 39 5 43
0 1 2 37 4 33
0 1 2 35 5 34
0 1 2 33 4 44
0 1 2 31 5 44
0 1 2 29 4 32
0 1 2 27 5 33
0 1 2 25 4 40
0 1 2 23 5 38
0 1 2 20 4 45
0 1 2 18 5 45
0 1 2 16 4 39
0 1 2 14 5 40
0 1 2 12 4 38
0 1 2 9 5 39
0 1 2 7 4 46
0 1 2 5 5 46
0 1 2 3 4 47
0 1 2 1 5 47
0 1 2 66 7 37
0 1 2 64 6 32
0 1 2 62 7 41
0 1 2 60 6 41
0 1 2 58 7 36
0 1 2 55 6 37
0 1 2 53 7 42
0 1 2 51 6 42
0 1 2 49 7 35
0 1 2 47 6 36
0 1 2 44 7 34
0 1 2 42 6 35
0 1 2 40 7 43
0 1 2 38 6 43
0 1 2 36 7 33
0 1 2 34 6 34
0 1 2 32 7 44
0 1 2 30 6 44
0 1 2 28 7 32
0 1 2 26 6 33
0 1 2 24 7 40
0 1 2 21 6 38
0 1 2 19 7 45
0 1 2 17 6 45
0 1 2 15 7 39
0 1 2 13 6 40
0 1 2 10 7 38
0 1 2 8 6 39
0 1 2 6 7 46
0 1 2 4 6 46
0 1 2 2 7 47
0 1 2 0 6 47
0 1 3 67 5 48
0 1 3 65 4 48
0 1 3 63 5 49
0 1 3 61 4 49
0 1 3 59 5 56
0 1 3 57 4 57
0 1 3 54 5 55
0 1 3 52 4 56
0 1 3 50 5 50
0 1 3 48 4 50
0 1 3 46 5 57
0 1 3 43 4 55
0 1 3 41 5 62
0 1 3 39 4 63
0 1 3 37 5 51
0 1 3 35 4 51
0 1 3 33 5 61
0 1 3 31 4 62
0 1 3 29 5 52
0 1 3 27 4 52
0 1 3 25 5 60
0 1 3 23 4 61
0 1 3 20 5 59
0 1 3 18 4 60
0 1 3 16 5 53
0 1 3 14 4 53
0 1 3 12 5 58
0 1 3 9 4 59
0 1 3 7 5 54
0 1 3 5 4 54
0 1 3 3 5 63
0 1 3 1 4 58
0 1 3 66 6 48
0 1 3 64 7 48
0 1 3 62 6 49
0 1 3 60 7 49
0 1 3 58 6 56
0 1 3 55 7 57
0 1 3 53 6 55
0 1 3 51 7 56
0 1 3 49 6 50
0 1 3 47 7 50
0 1 3 44 6 57
0 1 3 42 7 55
0 1 3 40 6 62
0 1 3 38 7 63
0 1 3 36 6 51
0 1 3 34 7 51
0 1 3 32 6 61
0 1 3 30 7 62
0 1 3 28 6 52
0 1 3 26 7 52
0 1 3 24 6 60
0 1 3 21 7 61
0 1 3 19 6 59
0 1 3 17 7 60
0 1 3 15 6 53
0 1 3 13 7 53
0 1 3 10 6 58
0 1 3 8 7 59
0 1 3 6 6 54
0 1 3 4 7 54
0 1 3 2 6 63
0 1 3 0 7 58
0 2 0 67 8 5
0 2 0 65 9 0
0 2 0 63 8 9
0 2 0 61 9 9
0 2 0 59 8 4
0 2 0 57 9 5
0 2 0 54 8 10
0 2 0 52 9 10
0 2 0 50 8 3
0 2 0 48 9 4
0 2 0 46 8 2
0 2 0 43 9 3
0 2 0 41 8 11
0 2 0 39 9 11
0 2 0 37 8 1
0 2 0 35 9 2
0 2 0 33 8 12
0 2 0 31 9 12
0 2 0 29 8 0
0 2 0 27 9 1
0 2 0 25 8 8
0 2 0 23 9 6
0 2 0 20 8 13
0 2 0 18 9 13
0 2 0 16 8 7
0 2 0 14 9 8
0 2 0 12 8 6
0 2 0 9 9 7
0 2 0 7 8 14
0 2 0 5 9 14
0 2 0 3 8 15
0 2 0 1 9 15
0 2 0 66 11 5
0 2 0 64 10 0
0 2 0 62 11 9
0 2 0 60 10 9
0 2 0 58 11 4
0 2 0 55 10 5
0 2 0 53 11 10
0 2 0 51 10 10
0 2 0 49 11 3
0 2 0 47 10 4
0 2 0 44 11 2
0 2 0 42 10 3
0 2 0 40 11 11
0 2 0 38 10 11
0 2 0 36 11 1
0 2 0 34 10 2
0 2 0 32 11 12
0 2 0 30 10 12
0 2 0 28 11 0
0 2 0 26 10 1
0 2 0 24 11 8
0 2 0 21 10 6
0 2 0 19 11 13
0 2 0 17 10 13
0 2 0 15 11 7
0 2 0 13 10 8
0 2 0 10 11 6
0 2 0 8 10 7
0 2 0 6 11 14
0 2 0 4 10 14
0 2 0 2 11 15
0 2 0 0 10 15
0 2 1 67 9 16
0 2 1 65 8 16
0 2 1 63 9 17
0 2 1 61 8 17
0 2 1 59 9 24
0 2 1 57 8 25
0 2 1 54 9 23
0 2 1 52 8 24
0 2 1 50 9 18
0 2 1 48 8 18
0 2 1 46 9 25
0 2 1 43 8 23
0 2 1 41 9 30
0 2 1 39 8 31
0 2 1 37 9 19
0 2 1 35 8 19
0 2 1 33 9 29
0 2 1 31 8 30
0 2 1 29 9 20
0 2 1 27 8 20
0 2 1 25 9 28
0 2 1 23 8 29
0 2 1 20 9 27
0 2 1 18 8 28
0 2 1 16 9 21
0 2 1 14 8 21
0 2 1 12 9 26
0 2 1 9 8 27
0 2 1 7 9 22
0 2 1 5 8 22
0 2 1 3 9 31
0 2 1 1 8 26
0 2 1 66 10 16
0 2 1 64 11 16
0 2 1 62 10 17
0 2 1 60 11 17
0 2 1 58 10 24
0 2 1 55 11 25
0 2 1 53 10 23
0 2 1 51 11 24
0 2 1 49 10 18
0 2 1 47 11 18
0 2 1 44 10 25
0 2 1 42 11 23
0 2 1 40 10 30
0 2 1 38 11 31
0 2 1 36 10 19
0 2 1 34 11 19
0 2 1 32 10 29
0 2 1 30 11 30
0 2 1 28 10 20
0 2 1 26 11 20
0 2 1 24 10 28
0 2 1 21 11 29
0 2 1 19 10 27
0 2 1 17 11 28
0 2 1 15 10 21
0 2 1 13 11 21
0 2 1 10 10 26
0 2 1 8 11 27
0 2 1 6 10 22
0 2 1 4 11 22
0 2 1 2 10 31
0 2 1 0 11 26
0 2 2 67 8 37
0 2 2 65 9 32
0 2 2 63 8 41
0 2 2 61 9 41
0 2 2 59 8 36
0 2 2 57 9 37
0 2 2 54 8 42
0 2 2 52 9 42
0 2 2 50 8 35
0 2 2 48 9 36
0 2 2 46 8 34
0 2 2 43 9 35
0 2 2 41 8 43
0 2 2 39 9 43
0 2 2 37 8 33
0 2 2 35 9 34
0 2 2 33 8 44
0 2 2 31 9 44
0 2 2 29 8 32
0 2 2 27 9 33
0 2 2 25 8 40
0 2 2 23 9 38
0 2 2 20 8 45
0 2 2 18 9 45
0 2 2 16 8 39
0 2 2 14 9 40
0 2 2 12 8 38
0 2 2 9 9 39
0 2 2 7 8 46
0 2 2 5 9 46
0 2 2 3 8 47
0 2 2 1 9 47
0 2 2 66 11 37
0 2 2 64 10 32
0 2 2 62 11 41
0 2 2 60 10 41
0 2 2 58 11 36
0 2 2 55 10 37
0 2 2 53 11 42
0 2 2 51 10 42
0 2 2 49 11 35
0 2 2 47 10 36
0 2 2 44 11 34
0 2 2 42 10 35
0 2 2 40 11 43
0 2 2 38 10 43
0 2 2 36 11 33
0 2 2 34 10 34
0 2 2 32 11 44
0 2 2 30 10 44
0 2 2 28 11 32
0 2 2 26 10 33
0 2 2 24 11 40
0 2 2 21 10 38
0 2 2 19 11 45
0 2 2 17 10 45
0 2 2 15 11 39
0 2 2 13 10 40
0 2 2 10 11 38
0 2 2 8 10 39
0 2 2 6 11 46
0 2 2 4 10 46
0 2 2 2 11 47
0 2 2 0 10 47
0 2 3 67 9 48
0 2 3 65 8 48
0 2 3 63 9 49
0 2 3 61 8 49
0 2 3 59 9 56
0 2 3 57 8 57
0 2 3 54 9 55
0 2 3 52 8 56
0 2 3 50 9 50
0 2 3 48 8 50
0 2 3 46 9 57
0 2 3 43 8 55
0 2 3 41 9 62
0 2 3 39 8 63
0 2 3 37 9 51
0 2 3 35 8 51
0 2 3 33 9 61
0 2 3 31 8 62
0 2 3 29 9 52
0 2 3 27 8 52
0 2 3 25 9 60
0 2 3 23 8 61
0 2 3 20 9 59
0 2 3 18 8 60
0 2 3 16 9 53
0 2 3 14 8 53
0 2 3 12 9 58
0 2 3 9 8 59
0 2 3 7 9 54
0 2 3 5 8 54
0 2 3 3 9 63
0 2 3 1 8 58
0 2 3 66 10 48
0 2 3 64 11 48
0 2 3 62 10 49
0 2 3 60 11 49
0 2 3 58 10 56
0 2 3 55 11 57
0 2 3 53 10 55
0 2 3 51 11 56
0 2 3 49 10 50
0 2 3 47 11 50
0 2 3 44 10 57
0 2 3 42 11 55
0 2 3 40 10 62
0 2 3 38 11 63
0 2 3 36 10 51
0 2 3 34 11 51
0 2 3 32 10 61
0 2 3 30 11 62
0 2 3 28 10 52
0 2 3 26 11 52
0 2 3 24 10 60
0 2 3 21 11 61
0 2 3 19 10 59
0 2 3 17 11 60
0 2 3 15 10 53
0 2 3 13 11 53
0 2 3 10 10 58
0 2 3 8 11 59
0 2 3 6 10 54
0 2 3 4 11 54
0 2 3 2 10 63
0 2 3 0 11 58
0 3 0 67 12 5
0 3 0 65 13 0
0 3 0 63 12 9
0 3 0 61 13 9
0 3 0 59 12 4
0 3 0 57 13 5
0 3 0 54 12 10
0 3 0 52 13 10
0 3 0 50 12 3
0 3 0 48 13 4
0 3 0 46 12 2
0 3 0 43 13 3
0 3 0 41 12 11
0 3 0 39 13 11
0 3 0 37 12 1
0 3 0 35 13 2
0 3 0 33 12 12
0 3 0 31 13 12
0 3 0 29 12 0
0 3 0 27 13 1
0 3 0 25 12 8
0 3 0 23 13 6
0 3 0 20 12 13
0 3 0 18 13 13
0 3 0 16 12 7
0 3 0 14 13 8
0 3 0 12 12 6
0 3 0 9 13 7
0 3 0 7 12 14
0 3 0 5 13 14
0 3 0 3 12 15
0 3 0 1 13 15
0 3 0 66 15 5
0 3 0 64 14 0
0 3 0 62 15 9
0 3 0 60 14 9
0 3 0 58 15 4
0 3 0 55 14 5
0 3 0 53 15 10
0 3 0 51 14 10
0 3 0 49 15 3
0 3 0 47 14 4
0 3 0 44 15 2
0 3 0 42 14 3
0 3 0 40 15 11
0 3 0 38 14 11
0 3 0 36 15 1
0 3 0 34 14 2
0 3 0 32 15 12
0 3 0 30 14 12
0 3 0 28 15 0
0 3 0 26 14 1
0 3 0 24 15 8
0 3 0 21 14 6
0 3 0 19 15 13
0 3 0 17 14 13
0 3 0 15 15 7
0 3 0 13 14 8
0 3 0 10 15 6
0 3 0 8 14 7
0 3 0 6 15 14
0 3 0 4 14 14
0 3 0 2 15 15
0 3 0 0 14 15
0 3 1 67 13 16
0 3 1 65 12 16
0 3 1 63 13 17
0 3 1 61 12 17
0 3 1 59 13 24
0 3 1 57 12 25
0 3 1 54 13 23
0 3 1 52 12 24
0 3 1 50 13 18
0 3 1 48 12 18
0 3 1 46 13 25
0 3 1 43 12 23
0 3 1 41 13 30
0 3 1 39 12 31
0 3 1 37 13 19
0 3 1 35 12 19
0 3 1 33 13 29
0 3 1 31 12 30
0 3 1 29 13 20
0 3 1 27 12 20
0 3 1 25 13 28
0 3 1 23 12 29
0 3 1 20 13 27
0 3 1 18 12 28
0 3 1 16 13 21
0 3 1 14 12 21
0 3 1 12 13 26
0 3 1 9 12 27
0 3 1 7 13 22
0 3 1 5 12 22
0 3 1 3 13 31
0 3 1 1 12 26
0 3 1 66 14 16
0 3 1 64 15 16
0 3 1 62 14 17
0 3 1 60 15 17
0 3 1 58 14 24
0 3 1 55 15 25
0 3 1 53 14 23
0 3 1 51 15 24
0 3 1 49 14 18
0 3 1 47 15 18
0 3 1 44 14 25
0 3 1 42 15 23
0 3 1 40 14 30
0 3 1 38 15 31
0 3 1 36 14 19
0 3 1 34 15 19
0 3 1 32 14 29
0 3 1 30 15 30
0 3 1 28 14 20
0 3 1 26 15 20
0 3 1 24 14 28
0 3 1 21 15 29
0 3 1 19 14 27
0 3 1 17 15 28
0 3 1 15 14 21
0 3 1 13 15 21
0 3 1 10 14 26
0 3 1 8 15 27
0 3 1 6 14 22
0 3 1 4 15 22
0 3 1 2 14 31
0 3 1 0 15 26
0 3 2 67 12 37
0 3 2 65 13 32
0 3 2 63 12 41
0 3 2 61 13 41
0 3 2 59 12 36
0 3 2 57 13 37
0 3 2 54 12 42
0 3 2 52 13 42
0 3 2 50 12 35
0 3 2 48 13 36
0 3 2 46 12 34
0 3 2 43 13 35
0 3 2 41 12 43
0 3 2 39 13 43
0 3 2 37 12 33
0 3 2 35 13 34
0 3 2 33 12 44
0 3 2 31 13 44
0 3 2 29 12 32
0 3 2 27 13 33
0 3 2 25 12 40
0 3 2 23 13 38
0 3 2 20 12 45
0 3 2 18 13 45
0 3 2 16 12 39
0 3 2 14 13 40
0 3 2 12 12 38
0 3 2 9 13 39
0 3 2 7 12 46
0 3 2 5 13 46
0 3 2 3 12 47
0 3 2 1 13 47
0 3 2 66 15 37
0 3 2 64 14 32
0 3 2 62 15 41
0 3 2 60 14 41
0 3 2 58 15 36
0 3 2 55 14 37
0 3 2 53 15 42
0 3 2 51 14 42
0 3 2 49 15 35
0 3 2 47 14 36
0 3 2 44 15 34
0 3 2 42 14 35
0 3 2 40 15 43
0 3 2 38 14 43
0 3 2 36 15 33
0 3 2 34 14 34
0 3 2 32 15 44
0 3 2 30 14 44
0 3 2 28 15 32
0 3 2 26 14 33
0 3 2 24 15 40
0 3 2 21 14 38
0 3 2 19 15 45
0 3 2 17 14 45
0 3 2 15 15 39
0 3 2 13 14 40
0 3 2 10 15 38
0 3 2 8 14 39
0 3 2 6 15 46
0 3 2 4 14 46
0 3 2 2 15 47
0 3 2 0 14 47
0 3 3 67 13 48
0 3 3 65 12 48
0 3 3 63 13 49
0 3 3 61 12 49
0 3 3 59 13 56
0 3 3 57 12 57
0 3 3 54 13 55
0 3 3 52 12 56
0 3 3 50 13 50
0 3 3 48 12 50
0 3 3 46 13 57
0 3 3 43 12 55
0 3 3 41 13 62
0 3 3 39 12 63
0 3 3 37 13 51
0 3 3 35 12 51
0 3 3 33 13 61
0 3 3 31 12 62
0 3 3 29 13 52
0 3 3 27 12 52
0 3 3 25 13 60
0 3 3 23 12 61
0 3 3 20 13 59
0 3 3 18 12 60
0 3 3 16 13 53
0 3 3 14 12 53
0 3 3 12 13 58
0 3 3 9 12 59
0 3 3 7 13 54
0 3 3 5 12 54
0 3 3 3 13 63
0 3 3 1 12 58
0 3 3 66 14 48
0 3 3 64 15 48
0 3 3 62 14 49
0 3 3 60 15 49
0 3 3 58 14 56
0 3 3 55 15 57
0 3 3 53 14 55
0 3 3 51 15 56
0 3 3 49 14 50
0 3 3 47 15 50
0 3 3 44 14 57
0 3 3 42 15 55
0 3 3 40 14 62
0 3 3 38 15 63
0 3 3 36 14 51
0 3 3 34 15 51
0 3 3 32 14 61
0 3 3 30 15 62
0 3 3 28 14 52
0 3 3 26 15 52
0 3 3 24 14 60
0 3 3 21 15 61
0 3 3 19 14 59
0 3 3 17 15 60
0 3 3 15 14 53
0 3 3 13 15 53
0 3 3 10 14 58
0 3 3 8 15 59
0 3 3 6 14 54
0 3 3 4 15 54
0 3 3 2 14 63
0 3 3 0 15 58
